Apple               5        1 3 4 5 7
Bag                 3        3 10 15
Кот                 1        10
Trip                7        4 5 6 7 8 9 10
Sun                 8        2 6 14 25 32 64 66 68
Fog                 3        7 13 16
Поездка             7        4 5 6 7 8 9 10
Train               4        3 7 80 90
Note                5        9 14 18 22 54
Frog                9        1 2 3 5 7 8 9 10 11
Cat                 6        2 4 6 8 10 12
Dog                 1        5
Лягушка             9        1 2 3 5 7 8 9 10 11
Автобус             6        1 2 3 4 5 6
Нос                 2        50 51
